# no. loci
50
# no. individuals
128
# genotypes
22220222212222221220100202110100222112100122211211
21210021011002002202022221200010220100122011202021
12022202112212220012222000012210211000222222022210
11100220111222202002122211202222102120200120222000
10020122212211220222201111202022221021222112022012
11222222222000212000120120221212200221122102200220
20120001122002221222212202220101022022022222211212
12220111120222200200102012120200211022021222222012
10212122220122022022021220200220101121001020020020
00102022022222111022222210222220222102212022101220
22022202120222211220012110001210222221010200022211
12011121222220112112200010012112001201111110222200
20111022212120111222022011122200211212100210221221
01222202201102100120220022020220021010200012002102
02122022121021220222010021022012200020022222021222
22001022112112022101221110122210222111100221011222
21022012212220122012210022210020212002222012220212
00112020020120012221201220022021122220112112211020
01201120112222011020012210022212001222021220210222
02010202220120010222102202202122222122211021222210
21122102221212220222102010200202100022010220210222
01200200220101102210001210102102012202122021122212
22100212022120020220120122120012212212011111020220
02211020200202002222221111121220000002222112000202
22201212022222020220022101200020021102022221221210
10010000102220021001220112211022222022202121122000
01121011220012202220220211222122021221020002221221
22212111211211222101222002122012110121101210120202
22111222220121120220221121100222122211220200001211
21100210121100222202212221102202022022020012022202
11212200120120112001221200222122112122102220222220
12220201112112122221221011110222012001221202112012
22211122212221212122212102122100022210122222201102
02200220122200002222022222222210210002110222222202
21220122222210202222210212000020022222022222001202
21011222000102202120102202122001222220020221122112
10211222202222222201022112220212220211000022120120
20012212122122002002222222120120121121202222212212
12120122010222211210202200220200202112202220022022
12222111220210222222222020120120202122202200012012
20012222122122002002222222120120121121202222212212
12222111220210222222222020120120202122202200012012
20121021012220111012200212222220011220122010201102
00122020222122111202011012122200122121220222121012
11022221220200011000220110201210202201222102002222
22222200122022112220212120021212220211210200220212
22222200122022112220212120021212220211210200220212
11211002112200212000210120021112102121210100202012
22000122200022211220222110201010020021222202020122
02111202222102220222102210022202221010120212022200
02222000022100220202222222002022211010220210021202
22212202112212212220212022221220211222120220211012
20202020222222122021021020210220122202022221202210
22220222221221212022212020212120222202210002221010
12222222122210000002221212200212102102002200210020
11100112212222122222120022122100202110100120021022
12022111100110000002222010120120121221021200222010
12022111100110000002222010120110121221021200222010
21202211202022222202220212202012200002221221002202
22220222222002012020220222221010000022202102022120
22100222212220222122202202110220220220120120011221
20222222122120000201021222120210122202222220012222
22222222100122200222021210102122222202201002222012
22012022112102021000220122222120121121220122221211
12211222122220220002212220222112102121222200220010
22012022112102021000220122222120121121220122221211
12011221120120022002012210202110101101022200022012
20222220010122020022101112202002121022222110022022
12212220020101222220201200202002202122002022200220
22222022021100122222020021220220011010200010001101
02202002022220122220220222002010011220222010201102
00121002010220212022102110001022211220112210221200
20111022012100212021202212222202211010120210021202
00121002010220212022102110001022211220112210221200
20111022012100212021202212222202211010120210021202
20111022012100212021202212222202211010120210021202
22222022021100122222020021220220011010200010001101
02002100120022211210011110001212022012012200010211
21121220111222212000210220012212202121222220120220
21121220111222212000210220012212202121222220120220
21201200112000212020212120021111202212212100220012
02202120122211211220012210022010022221022020210122
00220202120021211112012222222222012021010222212112
22112002112002212222210202212121222221210122122210
22002220120222122210212222022010210021022022220111
12112021011202222221002011220220022220100012201201
02212022012200022002222122202022112220112212022022
20201002212210222222122110201210011122122222221120
02201021210212211222202110222010222122122012221202
20201002212210222222122110201210011122122222221120
12012002122120011002020112021210222222022122201022
21221021120220021020010112001110201201010202021021
22221211100210002022012212202110201201022002012022
22122220222100020002121112201001222012220220021000
22102222222220222020122112201022022222222010201200
22222220221222220102012201220220021210200010201101
01022202022102122120210202202220012010222222001102
22222220221222220102012201220220021210200010201101
21022002222100222200010222002210221222020220001021
22221001210220211020220110001210221102212220201222
22221001210220211020220110001210221102212220201222
21022002222100222200010222002210221222020220001221
20111202022200210201222112002221122212220212212200
10111221021200112221020211220122222212200012222102
20111202022200210201222112002221122212220212212200
21212200212220210222120100222111122121112202222010
20012221100120020002221022202120202122021022220210
02222200010120220221222112002002211012220122021200
22222222012120122211020211220200011012200222001102
22222222012120122211020211220200011012200222001102
21022222221120120120020022020210021222222010221102
02222022022122100100222201200012212212000220001221
12111222222102112012022211120100221012120020001121
21222200202102120220012221200220221012220020001121
21222200202102120220012221200220221012220020001121
02111200212220020022102210002001122020210210212000
22122202022122210201101210202202122012210120012222
00111020020102020021121112221002222020222112022200
00111020020102020021121112221002222020222112022200
02201022022012212220220122002020011100222012201220
20101221010220222010202122202010021102211222121120
12122012011120222012200211110220211212222212002222
20122211022100212222220222120222012010222212022102
20122211022100212222220222120222012010222212022102
22211111211112120122220022222210222121121010122102
21200102210112102121012211220222012021002102221222
12221200112120220201221120201120211122100222211220
12221200112120220201221120201120212122100222211220
# pedigree
8 0 37
8 0 38
8 0 39
8 0 40
8 0 41
9 12 42
9 12 43
10 5 44
10 5 45
10 5 46
10 5 47
10 5 48
17 13 49
17 13 50
2 43 51
2 43 52
2 43 53
3 41 54
3 41 55
7 40 56
7 40 57
14 44 58
14 44 59
33 39 60
33 39 61
37 21 62
37 47 63
37 47 64
37 47 65
37 47 66
49 4 67
38 35 68
42 50 69
42 50 70
42 50 71
42 50 72
42 50 73
42 50 74
42 50 75
42 50 76
45 18 77
45 18 78
45 18 79
45 18 80
45 18 81
46 6 82
46 6 83
48 16 84
1 75 85
1 75 86
15 71 87
15 71 88
15 71 89
25 65 90
26 66 91
26 66 92
29 73 93
29 73 94
32 69 95
32 69 96
32 69 97
70 63 98
70 63 99
70 63 100
70 63 101
72 36 102
72 36 103
72 36 104
64 19 105
64 19 106
74 34 107
74 34 108
74 34 109
76 11 110
76 28 111
76 28 112
76 28 113
76 28 114
20 86 115
20 86 116
23 102 117
23 102 118
24 87 119
24 87 120
85 22 121
85 22 122
85 22 123
110 27 124
107 31 125
89 30 126
89 30 127
# END
